111684999 183510718 240098606 334008734 419812921 463507930 519724440 528461464 548962315 662602160 685539783 875067505 952362924 962850120 972974642 1045860334 1048924566 1071765887 1109454668 1291447966 1303392349 1383573077 1423801689 1430235717 1484429211 1561737519 1591168098 1602002566 1610549780 1756679324 1781977376 1889243692 1898082067 1954765485 1976591740 2089217842
183510718 240098606 334008734 419812921 463507930 519724440 528461464 548962315 662602160 685539783 875067505 952362924 962850120 972974642 1045860334 1048924566 1071765887 1109454668 1291447966 1303392349 1383573077 1423801689 1430235717 1484429211 1561737519 1591168098 1602002566 1610549780 1756679324 1781977376 1889243692 1898082067 1954765485 1976591740 2089217842
240098606 334008734 419812921 463507930 519724440 528461464 548962315 662602160 685539783 875067505 952362924 962850120 972974642 1045860334 1048924566 1071765887 1109454668 1291447966 1303392349 1383573077 1423801689 1430235717 1484429211 1561737519 1591168098 1602002566 1610549780 1756679324 1781977376 1889243692 1898082067 1954765485 1976591740 2089217842
334008734 419812921 463507930 519724440 528461464 548962315 662602160 685539783 875067505 952362924 962850120 972974642 1045860334 1048924566 1071765887 1109454668 1291447966 1303392349 1383573077 1423801689 1430235717 1484429211 1561737519 1591168098 1602002566 1610549780 1756679324 1781977376 1889243692 1898082067 1954765485 1976591740 2089217842
419812921 463507930 519724440 528461464 548962315 662602160 685539783 875067505 952362924 962850120 972974642 1045860334 1048924566 1071765887 1109454668 1291447966 1303392349 1383573077 1423801689 1430235717 1484429211 1561737519 1591168098 1602002566 1610549780 1756679324 1781977376 1889243692 1898082067 1954765485 1976591740 2089217842
463507930 519724440 528461464 548962315 662602160 685539783 875067505 952362924 962850120 972974642 1045860334 1048924566 1071765887 1109454668 1291447966 1303392349 1383573077 1423801689 1430235717 1484429211 1561737519 1591168098 1602002566 1610549780 1756679324 1781977376 1889243692 1898082067 1954765485 1976591740 2089217842
519724440 528461464 548962315 662602160 685539783 875067505 952362924 962850120 972974642 1045860334 1048924566 1071765887 1109454668 1291447966 1303392349 1383573077 1423801689 1430235717 1484429211 1561737519 1591168098 1602002566 1610549780 1756679324 1781977376 1889243692 1898082067 1954765485 1976591740 2089217842
528461464 548962315 662602160 685539783 875067505 952362924 962850120 972974642 1045860334 1048924566 1071765887 1109454668 1291447966 1303392349 1383573077 1423801689 1430235717 1484429211 1561737519 1591168098 1602002566 1610549780 1756679324 1781977376 1889243692 1898082067 1954765485 1976591740 2089217842
548962315 662602160 685539783 875067505 952362924 962850120 972974642 1045860334 1048924566 1071765887 1109454668 1291447966 1303392349 1383573077 1423801689 1430235717 1484429211 1561737519 1591168098 1602002566 1610549780 1756679324 1781977376 1889243692 1898082067 1954765485 1976591740 2089217842
662602160 685539783 875067505 952362924 962850120 972974642 1045860334 1048924566 1071765887 1109454668 1291447966 1303392349 1383573077 1423801689 1430235717 1484429211 1561737519 1591168098 1602002566 1610549780 1756679324 1781977376 1889243692 1898082067 1954765485 1976591740 2089217842
685539783 875067505 952362924 962850120 972974642 1045860334 1048924566 1071765887 1109454668 1291447966 1303392349 1383573077 1423801689 1430235717 1484429211 1561737519 1591168098 1602002566 1610549780 1756679324 1781977376 1889243692 1898082067 1954765485 1976591740 2089217842
875067505 952362924 962850120 972974642 1045860334 1048924566 1071765887 1109454668 1291447966 1303392349 1383573077 1423801689 1430235717 1484429211 1561737519 1591168098 1602002566 1610549780 1756679324 1781977376 1889243692 1898082067 1954765485 1976591740 2089217842
952362924 962850120 972974642 1045860334 1048924566 1071765887 1109454668 1291447966 1303392349 1383573077 1423801689 1430235717 1484429211 1561737519 1591168098 1602002566 1610549780 1756679324 1781977376 1889243692 1898082067 1954765485 1976591740 2089217842
962850120 972974642 1045860334 1048924566 1071765887 1109454668 1291447966 1303392349 1383573077 1423801689 1430235717 1484429211 1561737519 1591168098 1602002566 1610549780 1756679324 1781977376 1889243692 1898082067 1954765485 1976591740 2089217842
972974642 1045860334 1048924566 1071765887 1109454668 1291447966 1303392349 1383573077 1423801689 1430235717 1484429211 1561737519 1591168098 1602002566 1610549780 1756679324 1781977376 1889243692 1898082067 1954765485 1976591740 2089217842
1045860334 1048924566 1071765887 1109454668 1291447966 1303392349 1383573077 1423801689 1430235717 1484429211 1561737519 1591168098 1602002566 1610549780 1756679324 1781977376 1889243692 1898082067 1954765485 1976591740 2089217842
1048924566 1071765887 1109454668 1291447966 1303392349 1383573077 1423801689 1430235717 1484429211 1561737519 1591168098 1602002566 1610549780 1756679324 1781977376 1889243692 1898082067 1954765485 1976591740 2089217842
1071765887 1109454668 1291447966 1303392349 1383573077 1423801689 1430235717 1484429211 1561737519 1591168098 1602002566 1610549780 1756679324 1781977376 1889243692 1898082067 1954765485 1976591740 2089217842
1109454668 1291447966 1303392349 1383573077 1423801689 1430235717 1484429211 1561737519 1591168098 1602002566 1610549780 1756679324 1781977376 1889243692 1898082067 1954765485 1976591740 2089217842
1291447966 1303392349 1383573077 1423801689 1430235717 1484429211 1561737519 1591168098 1602002566 1610549780 1756679324 1781977376 1889243692 1898082067 1954765485 1976591740 2089217842
1303392349 1383573077 1423801689 1430235717 1484429211 1561737519 1591168098 1602002566 1610549780 1756679324 1781977376 1889243692 1898082067 1954765485 1976591740 2089217842
1383573077 1423801689 1430235717 1484429211 1561737519 1591168098 1602002566 1610549780 1756679324 1781977376 1889243692 1898082067 1954765485 1976591740 2089217842
1423801689 1430235717 1484429211 1561737519 1591168098 1602002566 1610549780 1756679324 1781977376 1889243692 1898082067 1954765485 1976591740 2089217842
1430235717 1484429211 1561737519 1591168098 1602002566 1610549780 1756679324 1781977376 1889243692 1898082067 1954765485 1976591740 2089217842
1484429211 1561737519 1591168098 1602002566 1610549780 1756679324 1781977376 1889243692 1898082067 1954765485 1976591740 2089217842
1561737519 1591168098 1602002566 1610549780 1756679324 1781977376 1889243692 1898082067 1954765485 1976591740 2089217842
1591168098 1602002566 1610549780 1756679324 1781977376 1889243692 1898082067 1954765485 1976591740 2089217842
1602002566 1610549780 1756679324 1781977376 1889243692 1898082067 1954765485 1976591740 2089217842
1610549780 1756679324 1781977376 1889243692 1898082067 1954765485 1976591740 2089217842
1756679324 1781977376 1889243692 1898082067 1954765485 1976591740 2089217842
1781977376 1889243692 1898082067 1954765485 1976591740 2089217842
1889243692 1898082067 1954765485 1976591740 2089217842
1898082067 1954765485 1976591740 2089217842
1954765485 1976591740 2089217842
1976591740 2089217842
